y_1 = [
3000	-3.037802	-2.444016	3.46699
3001	-3.04183	-2.439228	3.508119
3002	-3.045094	-2.43463	3.550425
3003	-3.047013	-2.430501	3.594
3004	-3.047277	-2.427127	3.63832
3005	-3.046027	-2.424699	3.682313
3006	-3.043651	-2.423236	3.724814
3007	-3.040551	-2.422546	3.764904
3008	-3.037172	-2.422309	3.802024
3009	-3.034017	-2.42227	3.835993
3010	-3.031483	-2.42229	3.866953
3011	-3.029713	-2.422157	3.895399
3012	-3.028595	-2.421462	3.922244
3013	-3.027852	-2.419813	3.948617
3014	-3.027143	-2.417145	3.975505
3015	-3.026136	-2.413719	4.003611
3016	-3.024599	-2.409922	4.033508
3017	-3.022482	-2.406201	4.06579
3018	-3.019895	-2.403138	4.101084
3019	-3.016893	-2.401319	4.140032
3020	-3.013291	-2.400914	4.182997
3021	-3.008842	-2.401467	4.229602
3022	-3.003626	-2.402247	4.278671
3023	-2.998131	-2.402712	4.32861
3024	-2.993001	-2.402713	4.377792
3025	-2.988803	-2.402416	4.42479
3026	-2.985972	-2.402063	4.468443
3027	-2.984839	-2.401808	4.507902
3028	-2.985544	-2.401745	4.542773
3029	-2.987937	-2.401931	4.573196
3030	-2.991567	-2.40225	4.599786
3031	-2.995757	-2.402325	4.623431
3032	-2.999808	-2.4017	4.64509
3033	-3.003213	-2.400046	4.665784
3034	-3.005631	-2.397231	4.686704
3035	-3.006715	-2.393421	4.70926
3036	-3.006072	-2.38908	4.734728
3037	-3.003413	-2.384661	4.763461
3038	-2.998775	-2.38036	4.794602
3039	-2.992586	-2.376224	4.826851
3040	-2.985526	-2.372272	4.85932
3041	-2.978349	-2.368575	4.89151
3042	-2.971782	-2.365384	4.922918
3043	-2.966455	-2.363132	4.953035
3044	-2.962767	-2.362134	4.981569
3045	-2.960787	-2.362221	5.008504
3046	-2.96032	-2.362718	5.03389
3047	-2.961093	-2.362883	5.057588
3048	-2.962824	-2.362341	5.079379
3049	-2.96512	-2.361103	5.099343
3050	-2.967361	-2.359343	5.117897
3051	-2.968837	-2.35735	5.135513
3052	-2.969019	-2.35561	5.152488
3053	-2.967658	-2.354686	5.16881
3054	-2.964786	-2.354855	5.184127
3055	-2.960737	-2.355904	5.197914
3056	-2.956104	-2.357317	5.209673
3057	-2.951641	-2.35859	5.21904
3058	-2.948055	-2.359383	5.225785
3059	-2.945818	-2.359475	5.229782
3060	-2.945184	-2.358788	5.230965
3061	-2.946261	-2.357507	5.229342
3062	-2.948967	-2.356033	5.225115
3063	-2.952964	-2.35475	5.218728
3064	-2.957655	-2.353784	5.210709
3065	-2.962269	-2.35294	5.201542
3066	-2.966044	-2.351916	5.191793
3067	-2.968477	-2.350597	5.182326
3068	-2.969419	-2.349165	5.174307
3069	-2.96889	-2.347994	5.168922
3070	-2.96692	-2.347413	5.166808
3071	-2.96368	-2.347575	5.167432
3072	-2.959697	-2.348547	5.169048
3073	-2.955732	-2.350387	5.169555
3074	-2.952461	-2.353041	5.167439
3075	-2.950331	-2.356243	5.161876
3076	-2.949616	-2.359632	5.152378
3077	-2.950458	-2.362957	5.138846
3078	-2.952824	-2.366083	5.121888
3079	-2.956474	-2.368861	5.102723
3080	-2.961016	-2.371095	5.082593
3081	-2.966014	-2.37259	5.062363
3082	-2.97107	-2.373252	5.042802
3083	-2.975806	-2.373107	5.025041
3084	-2.979873	-2.372281	5.010504
3085	-2.982955	-2.37117	5.000389
3086	-2.984795	-2.370549	4.995237
3087	-2.98532	-2.371162	4.994803
3088	-2.984786	-2.373102	4.998193
3089	-2.983748	-2.375716	5.004091
3090	-2.982851	-2.378122	5.010932
3091	-2.982684	-2.379874	5.017042
3092	-2.983726	-2.381193	5.020922
3093	-2.98621	-2.382567	5.021549
3094	-2.989989	-2.384219	5.018392
3095	-2.994697	-2.385946	5.011115
3096	-3.000024	-2.38735	4.999446
3097	-3.005733	-2.388118	4.983419
3098	-3.011495	-2.388109	4.963729
3099	-3.016907	-2.387274	4.941755
3100	-3.021658	-2.385717	4.919143
3101	-3.025511	-2.383895	4.897426
3102	-3.028112	-2.382496	4.878066
3103	-3.028964	-2.381967	4.862373
3104	-3.027761	-2.382167	4.850846
3105	-3.024693	-2.38259	4.842703
3106	-3.020362	-2.382903	4.836352
3107	-3.015497	-2.38309	4.830347
3108	-3.010782	-2.383161	4.823829
3109	-3.006753	-2.383025	4.816281
3110	-3.003733	-2.38269	4.807254
3111	-3.001853	-2.382345	4.796408
3112	-3.001057	-2.382134	4.783592
3113	-3.001055	-2.381991	4.768724
3114	-3.001412	-2.38171	4.75169
3115	-3.001748	-2.381064	4.732477
3116	-3.001898	-2.37988	4.711413
3117	-3.001869	-2.378142	4.689204
3118	-3.001652	-2.37608	4.66677
3119	-3.001066	-2.374224	4.645028
3120	-2.999782	-2.373196	4.62449
3121	-2.997598	-2.373286	4.605001
3122	-2.994703	-2.37425	4.586149
3123	-2.991563	-2.375576	4.56777
3124	-2.988663	-2.376816	4.549825
3125	-2.986434	-2.377732	4.532021
3126	-2.985272	-2.378325	4.513911
3127	-2.985432	-2.37878	4.495422
3128	-2.986827	-2.37925	4.47711
3129	-2.989027	-2.379737	4.459859
3130	-2.991526	-2.380201	4.444476
3131	-2.993976	-2.380596	4.431507
3132	-2.996129	-2.380751	4.421212
3133	-2.997756	-2.380403	4.413635
3134	-2.99875	-2.37949	4.408703
3135	-2.999186	-2.37845	4.406303
3136	-2.999111	-2.378098	4.406315
3137	-2.998348	-2.379037	4.408396
3138	-2.996727	-2.381273	4.411608
3139	-2.994433	-2.384413	4.414399
3140	-2.991999	-2.388029	4.415084
3141	-2.989943	-2.391837	4.412331
3142	-2.988504	-2.395686	4.405287
3143	-2.987709	-2.39946	4.393558
3144	-2.987557	-2.40306	4.377195
3145	-2.988021	-2.40648	4.356636
3146	-2.988969	-2.409726	4.332598
3147	-2.990208	-2.41259	4.305976
3148	-2.991594	-2.414653	4.277836
3149	-2.993017	-2.415598	4.249441
3150	-2.994317	-2.415476	4.222202
3151	-2.995182	-2.414715	4.197638
3152	-2.995031	-2.413902	4.177306
3153	-2.993152	-2.413507	4.162396
3154	-2.989208	-2.413693	4.153123
3155	-2.983556	-2.414242	4.148666
3156	-2.97694	-2.4147	4.147802
3157	-2.970089	-2.41469	4.149369
3158	-2.96366	-2.414176	4.152158
3159	-2.95833	-2.413547	4.154824
3160	-2.954731	-2.413377	4.156201
3161	-2.953215	-2.413906	4.155683
3162	-2.953731	-2.414733	4.153264
3163	-2.955982	-2.415086	4.149199
3164	-2.959679	-2.414301	4.143757
3165	-2.964641	-2.412057	4.137372
3166	-2.970651	-2.408384	4.13091
3167	-2.97723	-2.403689	4.125642
3168	-2.983627	-2.398825	4.122888
3169	-2.988957	-2.394923	4.123663
3170	-2.992349	-2.392816	4.128401
3171	-2.993264	-2.392519	4.136724
3172	-2.991821	-2.393393	4.147511
3173	-2.988755	-2.394808	4.159328
3174	-2.985087	-2.396505	4.170916
3175	-2.981788	-2.398442	4.181364
3176	-2.979512	-2.400585	4.189932
3177	-2.978488	-2.40286	4.195904
3178	-2.978662	-2.405151	4.198787
3179	-2.979915	-2.407253	4.198583
3180	-2.982073	-2.408876	4.195693
3181	-2.984822	-2.409722	4.190568
3182	-2.987849	-2.409591	4.1836
3183	-2.991066	-2.40846	4.175305
3184	-2.994601	-2.406519	4.166541
3185	-2.998543	-2.404274	4.158567
3186	-3.002701	-2.40249	4.152713
3187	-3.006672	-2.40183	4.149618
3188	-3.01016	-2.40252	4.148864
3189	-3.013143	-2.404377	4.149607
3190	-3.015722	-2.406966	4.151369
3191	-3.018008	-2.409699	4.154123
3192	-3.020247	-2.41199	4.157835
3193	-3.022796	-2.413529	4.162198
3194	-3.025841	-2.414473	4.166825
3195	-3.029215	-2.415237	4.171538
3196	-3.032483	-2.416073	4.176274
3197	-3.03517	-2.41696	4.180755
3198	-3.036975	-2.417707	4.184513
3199	-3.037847	-2.418	4.187398
3200	-3.037852	-2.41748	4.189908
3201	-3.03701	-2.416007	4.193016
3202	-3.035218	-2.413945	4.197826
3203	-3.032324	-2.412123	4.205204
3204	-3.028316	-2.411272	4.215423
3205	-3.023426	-2.411533	4.228097
3206	-3.018058	-2.412641	4.242426
3207	-3.012723	-2.414371	4.257572
3208	-3.007981	-2.416704	4.272934
3209	-3.004269	-2.419658	4.28824
3210	-3.001766	-2.423117	4.303491
3211	-3.000447	-2.426854	4.318788
3212	-3.00022	-2.430621	4.334113
3213	-3.000937	-2.434147	4.349198
3214	-3.00233	-2.437027	4.363612
3215	-3.004005	-2.43871	4.377001
3216	-3.005553	-2.438722	4.389186
3217	-3.006736	-2.437022	4.400145
3218	-3.00751	-2.434202	4.410242
3219	-3.00778	-2.431303	4.420429
3220	-3.007246	-2.42924	4.431672
3221	-3.005715	-2.428305	4.444014
3222	-3.003471	-2.428271	4.456412
3223	-3.00119	-2.428823	4.467422
3224	-2.99958	-2.429771	4.476002
3225	-2.999107	-2.431024	4.481924
3226	-2.999909	-2.432493	4.485596
3227	-3.001851	-2.434001	4.487558
3228	-3.004696	-2.435235	4.48824
3229	-3.008208	-2.435793	4.488103
3230	-3.01212	-2.435276	4.487706
3231	-3.016092	-2.433434	4.487566
3232	-3.019818	-2.430267	4.488171
3233	-3.023069	-2.426033	4.490223
3234	-3.025581	-2.421315	4.49469
3235	-3.026979	-2.417084	4.502554
3236	-3.026909	-2.414418	4.514573
