y_2 = [3051	-15.076771	-21.032882	35.030608
3052	-15.074156	-21.034351	35.046115
3053	-15.069884	-21.035346	35.064904
3054	-15.064457	-21.034978	35.085525
3055	-15.058357	-21.032943	35.106534
3056	-15.052014	-21.0295	35.126745
3057	-15.045835	-21.025265	35.145394
3058	-15.040201	-21.02076	35.162097
3059	-15.035445	-21.016073	35.176635
3060	-15.031824	-21.011065	35.188829
3061	-15.029532	-21.005628	35.198608
3062	-15.028628	-20.999586	35.206168
3063	-15.028895	-20.992726	35.211964
3064	-15.029853	-20.985097	35.216546
3065	-15.030942	-20.977153	35.220573
3066	-15.031575	-20.969551	35.224936
3067	-15.031153	-20.962751	35.230571
3068	-15.029264	-20.956733	35.238038
3069	-15.02585	-20.951129	35.247226
3070	-15.02113	-20.945633	35.257514
3071	-15.015421	-20.940156	35.26822
3072	-15.00909	-20.934637	35.278766
3073	-15.002626	-20.928928	35.288452
3074	-14.996611	-20.922857	35.296394
3075	-14.991524	-20.91629	35.30188
3076	-14.987592	-20.909144	35.304763
3077	-14.984822	-20.90141	35.305441
3078	-14.983142	-20.893202	35.304666
3079	-14.982469	-20.884721	35.303522
3080	-14.982635	-20.876073	35.30342
3081	-14.983227	-20.86724	35.305872
3082	-14.983529	-20.858271	35.312152
3083	-14.982701	-20.849395	35.322985
3084	-14.980138	-20.840886	35.338443
3085	-14.975699	-20.832887	35.358058
3086	-14.969613	-20.825365	35.380886
3087	-14.962289	-20.818132	35.405615
3088	-14.954243	-20.810885	35.430914
3089	-14.946076	-20.803314	35.455713
3090	-14.938367	-20.795186	35.479132
3091	-14.931506	-20.786318	35.500326
3092	-14.925558	-20.776621	35.518513
3093	-14.920378	-20.766254	35.533147
3094	-14.915865	-20.755529	35.544139
3095	-14.91206	-20.744662	35.552054
3096	-14.909023	-20.733688	35.558166
3097	-14.906691	-20.722584	35.564218
3098	-14.904809	-20.711603	35.572082
3099	-14.902881	-20.70134	35.583535
3100	-14.900219	-20.692166	35.599893
3101	-14.896218	-20.683805	35.621507
3102	-14.890656	-20.67565	35.647592
3103	-14.88373	-20.667146	35.676582
3104	-14.875849	-20.657783	35.706738
3105	-14.867373	-20.647113	35.736635
3106	-14.858548	-20.635013	35.765306
3107	-14.849616	-20.621751	35.792132
3108	-14.840915	-20.607745	35.816758
3109	-14.83281	-20.593425	35.839061
3110	-14.825546	-20.57922	35.858975
3111	-14.819206	-20.565508	35.876349
3112	-14.813758	-20.552743	35.891204
3113	-14.809058	-20.541484	35.904063
3114	-14.804847	-20.5321	35.915842
3115	-14.800737	-20.524723	35.927554
3116	-14.796182	-20.519432	35.940071
3117	-14.79056	-20.516054	35.953886
3118	-14.783474	-20.513863	35.968967
3119	-14.77496	-20.511766	35.984942
3120	-14.765296	-20.508623	36.001429
3121	-14.754686	-20.503347	36.01811
3122	-14.743251	-20.495096	36.034514
3123	-14.731295	-20.483665	36.049983
3124	-14.719482	-20.469553	36.064106
3125	-14.708595	-20.453571	36.077107
3126	-14.699118	-20.436535	36.089634
3127	-14.691089	-20.419181	36.102192
3128	-14.684282	-20.402093	36.114896
3129	-14.678354	-20.385679	36.127762
3130	-14.672896	-20.370143	36.141051
3131	-14.667536	-20.355613	36.155204
3132	-14.662039	-20.342545	36.170487
3133	-14.65622	-20.331744	36.186741
3134	-14.649843	-20.323683	36.203349
3135	-14.642687	-20.317945	36.219386
3136	-14.63459	-20.313533	36.233754
3137	-14.625459	-20.309516	36.245311
3138	-14.615358	-20.305367	36.25316
3139	-14.604527	-20.300973	36.257049
3140	-14.593257	-20.296338	36.25748
3141	-14.581807	-20.291122	36.255504
3142	-14.570465	-20.284556	36.252523
3143	-14.559555	-20.275906	36.250234
3144	-14.549346	-20.264796	36.250585
3145	-14.539978	-20.251031	36.255673
3146	-14.531448	-20.234458	36.267561
3147	-14.523622	-20.215073	36.288061
3148	-14.516226	-20.193131	36.318737
3149	-14.508815	-20.169062	36.36091
3150	-14.500721	-20.143199	36.41516
3151	-14.491253	-20.115745	36.480602
3152	-14.48007	-20.087067	36.554836
3153	-14.467198	-20.05773	36.634658
3154	-14.452674	-20.028179	36.716739
3155	-14.436377	-19.998513	36.797769
3156	-14.418289	-19.968583	36.874335
3157	-14.398795	-19.938142	36.943236
3158	-14.378625	-19.906771	37.002088
3159	-14.358515	-19.873649	37.049572
3160	-14.338953	-19.83759	37.085301
3161	-14.320167	-19.797455	37.10978
3162	-14.302242	-19.752465	37.124551
3163	-14.285116	-19.702124	37.132256
3164	-14.26844	-19.646169	37.13642
3165	-14.251535	-19.584878	37.140981
3166	-14.233603	-19.519356	37.149737
3167	-14.214044	-19.451317	37.165871
3168	-14.192632	-19.382496	37.191565
3169	-14.169503	-19.314219	37.227684
3170	-14.144999	-19.247335	37.27367
3171	-14.119529	-19.182352	37.327882
3172	-14.093479	-19.119623	37.388239
3173	-14.06716	-19.05943	37.452646
3174	-14.04079	-19.00198	37.519047
3175	-14.014506	-18.94738	37.585397
3176	-13.988355	-18.895579	37.649852
3177	-13.962366	-18.846264	37.711106
3178	-13.936666	-18.798818	37.768669
3179	-13.911483	-18.752489	37.822929
3180	-13.887052	-18.706808	37.875064
3181	-13.863511	-18.661992	37.926935
3182	-13.84086	-18.618977	37.980925
3183	-13.818971	-18.578865	38.03945
3184	-13.797658	-18.542163	38.104414
3185	-13.776897	-18.508507	38.177003
3186	-13.756972	-18.476947	38.257633
3187	-13.738367	-18.446382	38.345944
3188	-13.721527	-18.415839	38.441083
3189	-13.706701	-18.384591	38.541979
3190	-13.694008	-18.352143	38.647261
3191	-13.683606	-18.318169	38.755229
3192	-13.675702	-18.282578	38.864171
3193	-13.670356	-18.245534	38.972583
3194	-13.66731	-18.207301	39.079065
3195	-13.665982	-18.168281	39.182263
3196	-13.665505	-18.129146	39.281044
3197	-13.66479	-18.0906	39.374795
3198	-13.662586	-18.053162	39.463624
3199	-13.657535	-18.017315	39.54823
3200	-13.648397	-17.983446	39.629406
3201	-13.634502	-17.951531	39.707557
3202	-13.615951	-17.921157	39.782718
3203	-13.593229	-17.891739	39.85494
3204	-13.566801	-17.862683	39.924515
3205	-13.537112	-17.833589	39.991871
3206	-13.504651	-17.804476	40.057517
3207	-13.46987	-17.775729	40.122002
3208	-13.433119	-17.747755	40.185759
3209	-13.394694	-17.720882	40.248941
3210	-13.354981	-17.695514	40.311476
3211	-13.314517	-17.671949	40.373468
3212	-13.273886	-17.650126	40.435653
3213	-13.233582	-17.629728	40.499369
3214	-13.193929	-17.610437	40.566141
3215	-13.155012	-17.592075	40.637455
3216	-13.116581	-17.5746	40.714738
3217	-13.078022	-17.557895	40.799082
3218	-13.038514	-17.541498	40.890733
3219	-12.997189	-17.524616	40.989056
3220	-12.953213	-17.506441	41.093096
3221	-12.90585	-17.486475	41.202021
3222	-12.854622	-17.464733	41.315098
3223	-12.799503	-17.441668	41.431423
3224	-12.740964	-17.417787	41.549773
3225	-12.679807	-17.393331	41.668826
3226	-12.61682	-17.368138	41.787524
3227	-12.552468	-17.341677	41.90509
3228	-12.486877	-17.313281	42.020823
3229	-12.420095	-17.282457	42.134166
3230	-12.352274	-17.248981	42.244945
3231	-12.283634	-17.21293	42.353407
3232	-12.21433	-17.174812	42.460031
3233	-12.144397	-17.135481	42.5653
3234	-12.073883	-17.095844	42.669638
3235	-12.003059	-17.05663	42.773669
3236	-11.932388	-17.018301	42.878417
3237	-11.862237	-16.981135	42.985157
3238	-11.79269	-16.945369	43.095143
3239	-11.72367	-16.911182	43.209318
3240	-11.655148	-16.87864	43.328143
3241	-11.587176	-16.847686	43.451678
3242	-11.519799	-16.818092	43.579656
3243	-11.453035	-16.789313	43.711424
3244	-11.38692	-16.760426	43.846135
3245	-11.321531	-16.730381	43.983295
3246	-11.256979	-16.698383	44.123256
3247	-11.193381	-16.664034	44.267156
3248	-11.130819	-16.627388	44.416424
3249	-11.069271	-16.588904	44.572347
3250	-11.008542	-16.549087	44.735959
3251	-10.948363	-16.508098	44.908089
3252	-10.888597	-16.465658	45.089312
3253	-10.829301	-16.421206	45.279725
3254	-10.770576	-16.374226	45.47897
3255	-10.71242	-16.324501	45.686649
3256	-10.654824	-16.272028	45.902548
3257	-10.598006	-16.216838	46.126332
3258	-10.542458	-16.15907	46.357316
3259	-10.488716	-16.099072	46.594692
3260	-10.437141	-16.037154	46.837767
3261	-10.387846	-15.973204	47.085899
3262	-10.340751	-15.906855	47.338516
3263	-10.295586	-15.83797	47.5954
3264	-10.25177	-15.766763	47.856902
3265	-10.208338	-15.693726	48.123924
3266	-10.164119	-15.619499	48.397652
3267	-10.118072	-15.544445	48.678956
