z_2 = [3051	110.573555	122.134852	385.66453
3052	110.549139	122.061446	385.634031
3053	110.508759	121.986792	385.58965
3054	110.462741	121.926346	385.537288
3055	110.418716	121.884999	385.481612
3056	110.379871	121.855172	385.426656
3057	110.346141	121.823459	385.375492
3058	110.316988	121.780657	385.329895
3059	110.293809	121.727663	385.291992
3060	110.280204	121.673734	385.266444
3061	110.280454	121.629683	385.260103
3062	110.297027	121.602616	385.279183
3063	110.327754	121.595032	385.325112
3064	110.364706	121.603763	385.391388
3065	110.395986	121.618	385.46483
3066	110.409621	121.62363	385.530525
3067	110.39861	121.613148	385.578025
3068	110.364607	121.588986	385.60553
3069	110.316627	121.557396	385.618223
3070	110.265381	121.521934	385.623612
3071	110.218301	121.481602	385.62968
3072	110.17915	121.434387	385.645922
3073	110.150648	121.382472	385.683072
3074	110.134857	121.331147	385.749569
3075	110.131733	121.283301	385.848851
3076	110.140461	121.239277	385.979977
3077	110.161318	121.200853	386.137992
3078	110.194079	121.170606	386.312808
3079	110.236617	121.14924	386.489833
3080	110.286212	121.137164	386.653232
3081	110.338904	121.134562	386.788408
3082	110.385657	121.137503	386.883088
3083	110.412296	121.137908	386.930817
3084	110.407135	121.126721	386.935694
3085	110.368262	121.096007	386.911931
3086	110.302535	121.041592	386.876771
3087	110.219758	120.964246	386.843397
3088	110.127541	120.868267	386.819484
3089	110.02862	120.76128	386.809004
3090	109.922415	120.654291	386.814197
3091	109.809812	120.559102	386.837065
3092	109.69684	120.48628	386.878662
3093	109.594471	120.445978	386.937717
3094	109.514599	120.446551	387.012076
3095	109.465268	120.489917	387.100123
3096	109.448832	120.570341	387.198407
3097	109.461907	120.67589	387.298206
3098	109.495015	120.786802	387.386215
3099	109.533689	120.877681	387.451002
3100	109.562437	120.929757	387.490611
3101	109.570494	120.939648	387.514053
3102	109.556263	120.914619	387.53531
3103	109.526916	120.865159	387.565364
3104	109.492967	120.802759	387.608113
3105	109.462658	120.739488	387.662051
3106	109.440949	120.687375	387.724854
3107	109.430876	120.65768	387.795942
3108	109.433762	120.658629	387.875304
3109	109.449227	120.691969	387.961316
3110	109.47603	120.752198	388.050928
3111	109.512769	120.828548	388.142613
3112	109.557298	120.9064	388.238307
3113	109.605274	120.969656	388.340465
3114	109.649073	121.003392	388.446404
3115	109.678008	120.992529	388.546148
3116	109.680335	120.92198	388.627067
3117	109.647577	120.786076	388.682622
3118	109.579738	120.597806	388.717192
3119	109.486181	120.384249	388.740919
3120	109.380523	120.174398	388.760815
3121	109.27511	119.991901	388.779831
3122	109.179524	119.85304	388.802561
3123	109.10138	119.765028	388.837313
3124	109.045945	119.724782	388.893004
3125	109.014509	119.72234	388.975454
3126	109.004176	119.746619	389.085274
3127	109.010786	119.788377	389.21921
3128	109.032189	119.84077	389.374322
3129	109.067543	119.896928	389.549323
3130	109.113537	119.945883	389.740183
3131	109.161974	119.973018	389.936004
3132	109.200106	119.965854	390.121327
3133	109.213029	119.919288	390.283659
3134	109.189661	119.836552	390.419662
3135	109.129279	119.727704	390.533547
3136	109.041547	119.606719	390.629862
3137	108.941005	119.486108	390.709328
3138	108.841805	119.372188	390.770134
3139	108.754858	119.26494	390.811229
3140	108.687151	119.161096	390.834427
3141	108.642149	119.058173	390.843715
3142	108.620008	118.957277	390.842721
3143	108.618145	118.861295	390.833349
3144	108.633105	118.770783	390.817026
3145	108.661804	118.683323	390.79626
3146	108.70053	118.595435	390.773862
3147	108.74358	118.503263	390.750481
3148	108.782902	118.401738	390.723471
3149	108.808133	118.28476	390.690721
3150	108.807986	118.14927	390.657466
3151	108.774696	118.000545	390.636815
3152	108.708175	117.852456	390.641808
3153	108.614966	117.720748	390.677945
3154	108.504555	117.614546	390.743038
3155	108.387784	117.535007	390.83256
3156	108.275831	117.480486	390.943472
3157	108.177619	117.449202	391.074246
3158	108.097946	117.439695	391.224248
3159	108.038129	117.453336	391.393018
3160	107.997473	117.494297	391.579256
3161	107.973999	117.564604	391.780485
3162	107.965184	117.661436	391.993527
3163	107.968318	117.779454	392.213948
3164	107.978438	117.911475	392.434373
3165	107.985501	118.045483	392.644856
3166	107.975085	118.16402	392.83556
3167	107.93424	118.248782	393.000511
3168	107.858806	118.287012	393.139847
3169	107.755458	118.275953	393.25685
3170	107.636687	118.223017	393.353959
3171	107.513868	118.141174	393.433317
3172	107.39396	118.043416	393.498599
3173	107.280828	117.939819	393.55343
3174	107.177627	117.836838	393.598529
3175	107.086716	117.738665	393.633053
3176	107.008517	117.64966	393.660071
3177	106.942093	117.574862	393.689728
3178	106.885952	117.518012	393.735933
3179	106.837536	117.480297	393.809574
3180	106.792731	117.460162	393.91387
3181	106.745295	117.450766	394.044646
3182	106.685914	117.438604	394.193488
3183	106.603375	117.409196	394.350598
3184	106.489647	117.354673	394.508305
3185	106.345301	117.276373	394.665396
3186	106.180111	117.183412	394.827536
3187	106.008499	117.088327	395.001785
3188	105.843432	117.001659	395.191442
3189	105.692886	116.929487	395.396395
3190	105.559743	116.874798	395.614578
3191	105.443612	116.840704	395.841106
3192	105.343347	116.830347	396.069461
3193	105.258978	116.842228	396.295492
3194	105.192067	116.868445	396.518664
3195	105.14341	116.897518	396.73988
3196	105.109043	116.916992	396.960048
3197	105.0787	116.914838	397.179139
3198	105.038155	116.879114	397.394076
3199	104.972096	116.798076	397.598874
3200	104.86711	116.666352	397.789252
3201	104.717821	116.49228	397.966525
3202	104.531097	116.295457	398.136222
3203	104.321569	116.09686	398.3048
3204	104.103896	115.911933	398.478808
3205	103.889268	115.750239	398.664514
3206	103.685806	115.617034	398.865524
3207	103.500269	115.513872	399.080996
3208	103.338446	115.440046	399.307159
3209	103.203524	115.392878	399.541194
3210	103.096173	115.367287	399.783703
3211	103.01654	115.35781	400.037161
3212	102.963372	115.359307	400.302536
3213	102.931251	115.365111	400.577222
3214	102.910323	115.367153	400.854654
3215	102.887637	115.358128	401.124345
3216	102.848062	115.333131	401.373653
3217	102.777302	115.290841	401.594215
3218	102.668219	115.233761	401.787203
3219	102.524278	115.167423	401.960165
3220	102.355747	115.097888	402.122155
3221	102.173287	115.026537	402.284385
3222	101.984177	114.947514	402.46146
3223	101.791724	114.851309	402.667333
3224	101.597692	114.731242	402.908757
3225	101.406384	114.588467	403.183022
3226	101.226353	114.431308	403.481069
3227	101.067607	114.270445	403.792336
3228	100.936657	114.115238	404.109471
3229	100.8331	113.972795	404.431485
3230	100.749546	113.847969	404.762461
3231	100.673231	113.743114	405.106207
3232	100.586909	113.658247	405.460842
3233	100.471101	113.590134	405.817844
3234	100.310699	113.530664	406.168104
3235	100.100868	113.468109	406.509849
3236	99.846843	113.390385	406.850229
3237	99.560712	113.287918	407.200571
3238	99.257625	113.156748	407.571195
3239	98.951219	112.999359	407.968544
3240	98.650647	112.819995	408.394616
3241	98.360257	112.620339	408.848606
3242	98.080526	112.401717	409.328699
3243	97.809675	112.168401	409.83191
3244	97.545538	111.926761	410.353062
3245	97.286788	111.683253	410.886427
3246	97.032773	111.443423	411.429305
3247	96.781449	111.211031	411.981171
3248	96.52695	110.985963	412.538044
3249	96.258572	110.762308	413.09037
3250	95.962841	110.531213	413.629039
3251	95.630954	110.287561	414.153086
3252	95.265585	110.033728	414.67041
3253	94.878996	109.777216	415.191959
3254	94.486359	109.52574	415.72525
3255	94.100255	109.285858	416.27217
3256	93.727286	109.064063	416.831798
3257	93.368674	108.865261	417.403097
3258	93.023902	108.690384	417.984288
3259	92.692053	108.537062	418.573178
3260	92.370736	108.402577	419.170828
3261	92.056834	108.285421	419.783435
3262	91.747791	108.182507	420.419266
