z_1 = [3000	79.265646	82.640696	496.731825
3001	79.338064	82.655929	496.710798
3002	79.393619	82.649963	496.672061
3003	79.415977	82.614564	496.610556
3004	79.397724	82.550518	496.527996
3005	79.344407	82.466688	496.431878
3006	79.269591	82.375722	496.330049
3007	79.187837	82.290479	496.228232
3008	79.111819	82.221063	496.131628
3009	79.051263	82.172567	496.045636
3010	79.010616	82.145422	495.974501
3011	78.988439	82.138276	495.920191
3012	78.981719	82.151012	495.88348
3013	78.990565	82.185912	495.866516
3014	79.017402	82.246324	495.872795
3015	79.06318	82.333686	495.903436
3016	79.125137	82.444953	495.953715
3017	79.196345	82.57131	496.012291
3018	79.266418	82.69763	496.063323
3019	79.323139	82.804226	496.09225
3020	79.35583	82.872844	496.092238
3021	79.360029	82.893071	496.065293
3022	79.338813	82.863973	496.017981
3023	79.29982	82.792048	495.957293
3024	79.252283	82.688575	495.888565
3025	79.204892	82.567465	495.81431
3026	79.163301	82.443285	495.735333
3027	79.129054	82.328585	495.653715
3028	79.101826	82.232127	495.573758
3029	79.082901	82.159989	495.500596
3030	79.075666	82.116831	495.439715
3031	79.083184	82.104649	495.39717
3032	79.106318	82.121251	495.37705
3033	79.143215	82.160277	495.377126
3034	79.188421	82.211374	495.387371
3035	79.230898	82.26042	495.392685
3036	79.255247	82.292468	495.378889
3037	79.25015	82.298292	495.339242
3038	79.216415	82.279444	495.276154
3039	79.165075	82.246222	495.196808
3040	79.109434	82.210637	495.107684
3041	79.059227	82.18101	495.01336
3042	79.019182	82.161194	494.919185
3043	78.991457	82.152381	494.832313
3044	78.978435	82.155156	494.75977
3045	78.982446	82.170236	494.706935
3046	79.004684	82.197011	494.677267
3047	79.04549	82.232519	494.672701
3048	79.104011	82.272819	494.694106
3049	79.176504	82.314177	494.740065
3050	79.254794	82.352572	494.804749
3051	79.326346	82.382003	494.877817
3052	79.376677	82.393266	494.947424
3053	79.393901	82.377827	495.005066
3054	79.374766	82.334932	495.048644
3055	79.327199	82.272635	495.08118
3056	79.264922	82.201883	495.107408
3057	79.200514	82.131326	495.131349
3058	79.143061	82.066465	495.155804
3059	79.098649	82.010856	495.182807
3060	79.07135	81.966962	495.213323
3061	79.063431	81.936382	495.24647
3062	79.074636	81.920297	495.279876
3063	79.102269	81.920321	495.311435
3064	79.142945	81.938216	495.340622
3065	79.193198	81.973692	495.367414
3066	79.247669	82.022475	495.390792
3067	79.298293	82.076628	495.409408
3068	79.335431	82.12541	495.422118
3069	79.349048	82.156442	495.427205
3070	79.330446	82.1605	495.423845
3071	79.275852	82.136337	495.414906
3072	79.189435	82.089324	495.405437
3073	79.082407	82.027102	495.399122
3074	78.969931	81.956878	495.399005
3075	78.868346	81.884834	495.409129
3076	78.791778	81.817135	495.432384
3077	78.749193	81.76073	495.468639
3078	78.744148	81.722032	495.516095
3079	78.775413	81.704517	495.57361
3080	78.837569	81.708995	495.641869
3081	78.923198	81.736295	495.722093
3082	79.024796	81.787661	495.813214
3083	79.134611	81.861856	495.910198
3084	79.243546	81.951799	496.003752
3085	79.338912	82.043941	496.08181
3086	79.404376	82.122658	496.134662
3087	79.427639	82.177238	496.159579
3088	79.409161	82.204956	496.159369
3089	79.36139	82.208576	496.139207
3090	79.301183	82.193333	496.107381
3091	79.243031	82.165667	496.075888
3092	79.195574	82.131713	496.056097
3093	79.161391	82.095706	496.054749
3094	79.140276	82.060423	496.075537
3095	79.134143	82.028411	496.120911
3096	79.148759	82.001778	496.191089
3097	79.19085	81.982382	496.284148
3098	79.263681	81.97295	496.396635
3099	79.363698	81.976296	496.522651
3100	79.479052	81.992271	496.652426
3101	79.590183	82.014582	496.772626
3102	79.67212	82.030326	496.870479
3103	79.700745	82.025464	496.939628
3104	79.664445	81.993532	496.982024
3105	79.571037	81.938678	497.004544
3106	79.441178	81.871085	497.015357
3107	79.297482	81.80171	497.02245
3108	79.159308	81.740283	497.032167
3109	79.041071	81.694961	497.047793
3110	78.951299	81.671917	497.07015
3111	78.893012	81.674915	497.099026
3112	78.865153	81.704877	497.133876
3113	78.864257	81.759968	497.175398
3114	78.88573	81.836934	497.226271
3115	78.923653	81.931409	497.287606
3116	78.969945	82.035738	497.354494
3117	79.015119	82.137433	497.415796
3118	79.050464	82.219619	497.458009
3119	79.069688	82.26403	497.470573
3120	79.070008	82.258885	497.450035
3121	79.053813	82.205883	497.400439
3122	79.028967	82.118037	497.329734
3123	79.005569	82.012073	497.245698
3124	78.992139	81.903148	497.154309
3125	78.995053	81.803894	497.060133
3126	79.019396	81.725012	496.966777
3127	79.067609	81.673713	496.87667
3128	79.137525	81.65174	496.791391
3129	79.223086	81.656751	496.714263
3130	79.31713	81.685067	496.653
3131	79.414357	81.73252	496.616893
3132	79.512579	81.794107	496.609724
3133	79.610445	81.86365	496.626283
3134	79.703419	81.933297	496.654271
3135	79.780857	81.992513	496.678023
3136	79.826215	82.028613	496.683938
3137	79.823527	82.032427	496.665446
3138	79.766787	82.004624	496.623096
3139	79.663057	81.95471	496.561731
3140	79.528451	81.895401	496.487713
3141	79.382487	81.838808	496.407271
3142	79.243468	81.794659	496.327099
3143	79.125725	81.768762	496.254699
3144	79.038663	81.762018	496.196413
3145	78.987143	81.771798	496.155333
3146	78.972976	81.79549	496.131108
3147	78.996838	81.832896	496.121233
3148	79.058966	81.885099	496.122621
3149	79.156646	81.951255	496.132535
3150	79.279911	82.025692	496.148159
3151	79.410505	82.096848	496.165026
3152	79.525516	82.149961	496.176295
3153	79.60386	82.173708	496.175506
3154	79.634434	82.165594	496.160116
3155	79.620279	82.131069	496.130371
3156	79.574359	82.079263	496.086506
3157	79.51236	82.020037	496.029148
3158	79.447757	81.961941	495.961235
3159	79.389016	81.910691	495.888302
3160	79.33924	81.869803	495.816622
3161	79.298688	81.842167	495.751611
3162	79.267764	81.830113	495.697862
3163	79.247742	81.834933	495.658963
3164	79.240102	81.857328	495.637029
3165	79.246079	81.897455	495.632926
3166	79.265535	81.953494	495.645825
3167	79.29451	82.018869	495.672102
3168	79.323748	82.079445	495.70561
3169	79.34085	82.11642	495.739908
3170	79.33513	82.116795	495.77036
3171	79.302263	82.080891	495.794148
3172	79.246219	82.019188	495.809755
3173	79.177624	81.944592	495.81772
3174	79.110247	81.86789	495.82058
3175	79.056962	81.797805	495.820926
3176	79.026033	81.742383	495.820312
3177	79.01998	81.707903	495.819689
3178	79.037716	81.696783	495.819677
3179	79.07732	81.708449	495.821385
3180	79.136636	81.741949	495.827336
3181	79.21255	81.795745	495.840512
3182	79.30106	81.865235	495.862034
3183	79.397182	81.94202	495.888893
3184	79.493438	82.015093	495.913197
3185	79.577622	82.071845	495.92441
3186	79.633401	82.100098	495.914019
3187	79.647262	82.093793	495.879134
3188	79.616473	82.057628	495.822446
3189	79.549608	82.003417	495.750867
3190	79.460851	81.942469	495.674146
3191	79.363983	81.882928	495.602263
3192	79.269194	81.831203	495.543141
3193	79.18357	81.792084	495.502626
3194	79.112553	81.767835	495.485698
3195	79.059907	81.758043	495.496262
3196	79.027227	81.759978	495.534611
3197	79.014473	81.770546	495.595135
3198	79.021603	81.788559	495.66695
3199	79.0487	81.814184	495.737383
3200	79.093501	81.846371	495.79569
3201	79.148858	81.880006	495.834534
3202	79.201236	81.904527	495.850035
3203	79.232942	81.907551	495.843373
3204	79.231336	81.882845	495.822919
3205	79.197677	81.834672	495.8018
3206	79.145285	81.774108	495.790988
3207	79.089843	81.712741	495.794201
3208	79.041721	81.659194	495.808434
3209	79.005292	81.618924	495.827599
3210	78.982436	81.595595	495.84499
3211	78.974851	81.591129	495.85448
3212	78.983844	81.604835	495.852739
3213	79.009204	81.635316	495.8415
3214	79.049227	81.682847	495.827405
3215	79.101552	81.747322	495.818474
3216	79.162333	81.824958	495.819393
3217	79.224094	81.907327	495.829779
3218	79.275706	81.98117	495.844987
3219	79.305501	82.031338	495.857398
3220	79.305021	82.047969	495.859695
3221	79.272869	82.030492	495.849207
3222	79.216564	81.98583	495.829484
3223	79.148059	81.92527	495.807923
